,0,1,2,3
0,-1.2882280323218036,-0.058212688852112074,0.07085627387571916,yes
1,-0.39241173724354894,-0.8181140767329015,-0.9866277366712295,yes
2,2.7218003465999767,3.493981373204765,0.7597527777766958,yes
3,2.938982381468537,-0.7240173421609364,-2.684794035804984,yes
4,0.5638275443349648,-0.2187277918385743,-0.7767171585726603,yes
5,0.24896496233623838,-0.15413678898849079,-0.7692453625499385,yes
6,3.1527122382110675,-2.140437239784588,-0.5751240485149934,yes
7,0.9364435138841226,3.7305677491001705,1.2850322721784178,yes
8,1.637048486774045,-0.1636629647782425,-0.7026831016158592,yes
9,2.9608722638043545,-1.6262583159182427,-1.861557347109636,yes
10,3.141887949866001,4.075114443100458,0.9888346813834326,yes
11,2.566515545955588,1.1945229160845598,-0.4827713488187631,yes
12,2.635071976129686,0.7738913839207792,-0.592292667131512,yes
13,4.99643299077586,0.17507780416437074,-0.9643097242340587,yes
14,3.346849278576711,-3.0301849525183844,0.25880962817849545,yes
15,-0.016338866056891152,-0.4564025471948479,-0.6598835124324094,yes
16,0.6949141467440606,2.6599147907147143,0.5960055954655952,yes
17,0.5903371823604656,-0.8169685352157012,-0.7677474294955671,yes
18,3.296148136354782,-1.0701449069540983,-0.5351806080345625,yes
19,2.4030014406870013,-2.302976258260232,0.009475431572826801,yes
20,1.448806412355001,-0.07088341202328148,-1.1309358558911202,yes
21,0.25658931321978007,-1.1179495342225736,-0.26115568466372296,yes
22,0.5858772788475468,0.36424579272075547,-0.6481528102839486,yes
23,2.841391213558827,2.8446674276189214,0.39665796877241594,yes
24,0.442096400647749,0.5440469168205374,-0.6567669725721057,yes
25,1.4563309455052031,-0.16407651245867005,-0.6926221513802809,yes
26,1.5456275578117245,0.7877769156503255,-0.6408074318978536,yes
27,1.1713603536725006,-0.28136619280726954,-0.331839456385614,yes
28,0.9170189032469082,1.6532647594557806,0.2080408315439894,yes
29,0.630333461413109,-0.21838503013067925,-1.1220088799244572,yes
30,1.879958872665936,-0.5647707720835486,-0.24750546814670013,yes
31,1.198001983726351,-0.5194338667217426,0.21468258854029587,yes
32,1.6184128777808593,1.2939276685859986,0.15963549940979158,yes
33,1.478661753148303,-0.6601858094217238,-0.744007640487746,yes
34,0.969670586634123,0.6143781332900086,-0.7523032997110612,yes
35,3.6707720281504637,-2.916006102858631,-0.40634978266695815,yes
36,2.5681851720634348,-0.2173624837689114,-0.5232023352407361,yes
37,1.7821733779159477,-0.3996671554992368,-0.21780891557307822,yes
38,-0.7411284150652339,-0.2561984246209709,-0.3016216929915472,yes
39,-0.41926787849807545,0.07994731669975257,-0.7924788608484169,yes
40,2.1386817078021276,0.43926456670450875,-3.0437702812359495,yes
41,2.559521553987204,0.5892179340555751,-2.1376101838305313,yes
42,1.4325158160656157,-1.0707216601949732,-0.6170814974326536,yes
43,1.5646538839816637,0.0017823184190685442,-0.5972475314296782,yes
44,0.5547499008785792,-0.5376407575854454,-0.14522504739092812,yes
45,0.6646338139597261,3.630099736921905,1.4432486675670033,yes
46,1.388952831139222,1.1891921829400685,-0.017336445187971,yes
47,4.273367080260576,0.7484763649455622,0.8584742150039193,yes
48,2.003984439987518,-0.2512178001050485,0.8274313865913464,yes
49,0.26345735357437045,-0.2546688862741448,0.5972827029513251,yes
50,5.8990945596872955,-4.26862325361304,13.209347059012124,yes
51,-0.0019215512988429214,-1.1224181345350688,-1.5093247240207948,yes
52,2.082274852651809,-1.2227527635678035,-0.8422823763021666,yes
53,0.2915450855803477,-0.02809208882973282,-0.5021893643091634,yes
54,1.0411602623204743,-0.3888637382007642,-0.45150564119712744,yes
55,-1.2969337613221195,2.928714347615912,1.5768066485927228,yes
56,0.18929795103082445,4.194184203932562,1.4660457541542806,yes
57,2.02484345516194,-0.24746123793105493,-1.4471889902495108,yes
58,3.533252199447992,-1.643780898835186,-0.7205460656244891,yes
59,2.7428635972523234,-1.4554725277767775,-0.37642861903600827,yes
60,3.227826615037837,-1.482615180259795,-0.048030365814616796,yes
61,0.9963582489968172,-0.5599227316961488,-0.5442945805342045,yes
62,0.29584977023959325,0.6194213160265715,-0.5158877180114999,yes
63,1.7878796227991554,-0.4074974457557903,-0.5837478498908183,yes
64,2.31242325912314,0.9306528020956019,-0.5406362907343718,yes
65,-0.32685861810228894,0.019192962458102623,-1.0540822742540399,yes
66,4.9764763256164315,-3.6302637150665817,0.7985883630793109,yes
67,1.4180952364634591,0.32625148978651486,-0.10958899401057341,yes
68,1.9655579127354283,1.5278104200506186,-0.5890145529570785,yes
69,-0.9088031740284691,-0.3689511629878682,-0.3031192478604429,yes
70,1.5774686295520846,2.529128766941633,0.4361574755910973,yes
71,-0.2904548888970408,1.9689410253601813,-0.309920709250129,yes
72,2.4486051828711517,-0.05031690863192159,-0.5493553291650815,yes
73,3.8033773162635547,1.613686431565238,0.3148356855282328,yes
74,0.7517900660751701,-0.1961937839881783,-1.0277049092779809,yes
75,0.09190593904993162,-0.009315870863468037,-0.9708287402805531,yes
76,0.9219232584189838,0.8398615211188302,-0.18552021081988201,yes
77,0.9555283671298328,-0.6483225030923465,-1.3809716686895022,yes
78,3.972311754226802,-1.7144543521704043,-0.279241412281495,yes
79,2.519986263530367,3.831815177936226,1.3147732282303388,yes
80,0.4089208595977092,0.05732507693170852,-1.310333612383681,yes
81,1.6392896028316066,-0.6421041786287092,-0.21210099099603952,yes
82,-1.6283322083393752,-0.6555646133105197,-0.3382793805485364,yes
83,3.1516723946903182,-0.7312110034370934,0.6935485075356442,yes
84,-0.1542125653774633,-0.6813217638425122,0.7337759553681971,yes
85,2.2560307324409585,3.436640229429682,0.753239190231242,yes
86,-0.31169096520826856,-0.0788217456161901,-0.8725716415412252,yes
87,0.06658407934696246,0.37857956089022976,-0.7015092138617596,yes
88,3.604354103686757,2.1988941196191165,0.19409505476205546,yes
89,0.10605171915387437,-0.4863963627106599,-1.015434535997547,yes
90,-0.3281453428966686,-0.005580044381974369,-0.259127603884589,yes
91,-0.3086281663055327,0.5407483106262819,-0.5282544896340645,yes
92,0.8562405332611315,2.864856358746991,1.45889988981744,yes
93,1.6141873054521803,-1.2263648609097553,-0.12271030886096491,yes
94,1.0356985434416874,-0.5365676378702601,0.3349939953330574,yes
95,2.2217256770430267,-0.42111839991756533,-0.8406371240027125,yes
96,6.180508763471281,-2.2461983278646787,9.60841680189166,yes
97,-0.11199321108355577,0.019882456630473475,-0.22336392672098593,yes
98,4.786132151177465,-1.6461143086359125,-0.9070894249995182,yes
99,-0.5218351135459799,-0.18817608339950945,-1.5400708259955183,yes
100,4.102329952982852,-1.3619598950292198,0.127990994740164,yes
101,0.8631335696626182,-0.2389996064916315,0.7750807612826963,yes
102,2.7160289844231733,-1.203466307929553,0.5161141331351545,yes
103,-0.05480498745380537,1.6921683426620953,0.31996461042646623,yes
104,2.0173777743224677,0.18814350079971945,-0.6288306358218008,yes
105,0.9515872347968933,-0.547407773250547,-0.9486563034729298,yes
106,0.8927745028352443,3.1613272071574072,1.4214317665573564,yes
107,2.776346930155445,-1.1571010598690719,-0.40673881780667576,yes
108,2.9745805058838792,0.28872447545488256,2.7038835088485706,yes
109,1.568838487908177,-0.1936293756987019,-0.8852582704902923,yes
110,5.899170887087302,-3.4618477742115084,0.8643741602461233,yes
111,0.9843401815726726,2.5038339174851307,0.49569571040664917,yes
112,3.5407448664845065,1.778545450784043,-2.4169751683500174,yes
113,0.14138487675590872,-0.06497129541406486,-0.6162337916860873,yes
114,-1.1567400930069984,-1.3326454686256943,-0.7222235355368231,yes
115,0.20270294988780727,-0.20293882861821552,-1.5049531645889591,yes
116,5.862016718476452,-0.6041063057929467,0.027360338383180055,yes
117,5.681051688727069,0.3981115074905459,1.1623161979177252,yes
118,0.1777160737175644,-0.7066944295521811,-0.2914411643867317,yes
119,0.17861966797095316,-0.4428456557291609,-0.4695560487499196,yes
120,2.083173924034733,2.9660822734350685,0.04824415204963605,yes
121,1.9757241440819262,1.446379867787805,-1.7427610227701018,yes
122,0.9067808683572177,0.2015993653697172,-0.4111298593318528,yes
123,1.512038444115454,-0.3420135245146231,-1.094755847852359,yes
124,-1.1975258540284521,0.3581466544057548,-0.6509281647469133,yes
125,-1.426883507771067,-0.7117910316477504,0.14613780398767998,yes
126,1.9238183726521247,3.313837686567818,0.9388659213900022,yes
127,2.655895279659537,4.9092986909691305,0.8926233825307278,yes
128,3.168839762836756,-0.6227753055387817,-2.2540543275296567,yes
129,2.5418259144861888,2.2573735583281067,-0.4671247505302486,yes
130,-0.9478974489279226,-1.158017425025655,-0.8928322147362162,yes
131,1.1738709664380726,-1.324975822891291,0.6796129879665123,yes
132,1.3639684565914831,0.18552152074538591,-1.5833329640997227,yes
133,2.9250575635326856,-0.6179030090259211,-2.858631543012449,yes
134,1.1800055739239101,0.6426717001394119,0.7378682597867424,yes
135,1.2387383077261358,-1.3724507651567108,-0.1309808712514928,yes
136,0.9372044101743074,0.17403679974400685,-0.3223200839225018,yes
137,2.4313046198545614,2.8022949612504036,0.8528530346704676,yes
138,1.1335554321913788,-0.09842670552372983,-2.0458960926397456,yes
139,-0.4201893189911448,0.02806057665151257,-0.46999030957915255,yes
140,0.18525753966063005,-1.450818608563838,-0.051973882466247685,yes
141,2.952416719506051,1.2447511499840496,0.5588960827529882,yes
142,-0.7784204936187419,-0.9600520206223014,-0.9909722933042596,yes
143,-0.2499915318751331,-0.7020676541480207,-1.2605872396156288,yes
144,0.47844202923360096,-0.10284831868953952,-1.6218431864527312,yes
145,2.99341024601059,0.5866410185065053,-0.4208238194191551,yes
146,1.5100466418471432,-0.5678590929046654,-2.335478482910747,yes
147,2.9847838832578817,-1.2955172858613035,-1.4150057449008582,yes
148,5.354916577335548,-4.480092013872949,0.5619567016185796,yes
149,1.9127062680060731,0.28310083587566104,0.09472478931163322,yes
150,4.775233507201189,-1.8828901130094602,-1.1071031611560447,yes
151,3.1577072513766944,3.051112775961235,-1.4939100849148514,yes
152,1.4012247359844732,-0.5443889512303042,-1.106596870138244,yes
153,0.621619926023949,-0.2694520244844002,0.36441574566915763,yes
154,3.52701577281252,0.14341506294585846,1.5017943724160432,yes
155,0.46071108016235757,-0.5057466541711915,-0.26326597440903565,yes
156,0.3273199585468522,0.737158224719856,-0.4368511152076916,yes
157,5.215545364463286,0.11716749210643582,0.8482394197519159,yes
158,4.124606612388837,0.7587604550399385,1.532292995834508,yes
159,2.357177694760966,0.48926003763101616,-0.10436710072393889,yes
160,-0.660454455778555,0.35723229793382116,0.25098540212152587,yes
161,0.8349949299381706,-0.14049918054669938,-0.5261695338927096,yes
162,-0.3956750977859526,-0.5856474944263682,-0.6056138192139716,yes
163,2.073672973055695,0.4413928162939163,-0.4946546331724367,yes
164,-0.06826777540679399,0.8456832434199254,0.06144510607872733,yes
165,1.2966987386496,3.2892435474261097,0.6102687679063408,yes
166,-1.0934902790311238,-0.5656806788281163,-0.6547642765555826,yes
167,4.00770161791511,5.177425726344613,0.9945989082909542,yes
168,3.5778754891676807,0.37972139671689903,0.16946477926970444,yes
169,0.3432008470728718,-0.46290607114150356,-0.42820846606930074,yes
170,4.710669246418367,-0.7560750741759362,-1.755135129028204,yes
171,0.6555219873111002,0.789673586929264,-1.2130540116233286,yes
172,-0.15685192233151268,-0.03255448841862777,-0.13608672440171804,yes
173,-0.9546728084856699,0.09888433752889506,0.26659634923594383,yes
174,1.7150648891990259,-1.184875302232548,-0.6863170989423962,yes
175,0.7854115670429791,1.3342325577815735,0.30070286673581076,yes
176,0.23722260982544238,-0.49581026799870975,-0.6993497379227324,yes
177,0.527975687813469,0.11727435872486366,-0.1366598433593929,yes
178,0.6443111009834579,-0.381960176607544,-0.5665647560114707,yes
179,4.668997509406562,1.3881418565951416,-0.9543399072340368,yes
180,-0.4392288842243538,1.3288449234209732,0.09937878155690066,yes
181,2.382832507308934,3.5290152069038903,0.636671430266653,yes
182,3.175259106326711,-1.6169268773742287,-0.4530568126058459,yes
183,5.367267750566762,-3.388029237658114,0.38044080726597973,yes
184,-0.7131754777737996,0.13878941554691251,-0.15746712893674306,yes
185,2.0032215284706227,3.733886113138235,0.6666711669156489,yes
186,8.094244985062145,-3.164545490284361,0.4554099417669148,yes
187,-1.6099516960716376,0.12201815178422981,-0.27260812547528623,no
188,-3.029426342530615,-0.4926218938303079,0.6147690723469388,no
189,-2.1561594225056475,-0.39812847152073605,0.4479530494330655,no
190,-2.0845663842107247,-0.024373534389862273,0.349155539282729,no
191,-1.8834829677364884,-0.3708219692322699,-0.373969800317902,no
192,-2.6766930973849674,0.05549258430307531,0.3515094554248023,no
193,-1.759244303280571,0.44282345160924147,0.20720206087523024,no
194,-1.9580269365807301,-0.31405833189249316,-0.5800822258281606,no
195,-1.7890383861300656,-0.06362301204158519,-0.32939645336756884,no
196,-1.8709989272393803,-0.6337188352921993,0.32906642965487887,no
197,-1.8446307259537127,-0.01800804825265035,0.10274339115190635,no
198,-1.6626936641181649,-0.1787924660522993,0.2192238515935708,no
199,-1.4285775739781912,0.08300434942509562,-0.31466495691343493,no
200,-1.5698822907634775,-0.1276870338524443,0.1881820983871408,no
201,-1.728398281812068,-0.1996273345303787,0.20674592229141403,no
202,-1.8702659444293632,0.08483709085617609,0.3432997082791838,no
203,-1.0761643724984724,-0.0047411151632407835,-0.10675014324933922,no
204,-1.9086436174378332,0.031498857347511615,0.20915749270538134,no
205,-2.430809302748663,-0.4011442836645702,0.4345550713740782,no
206,-1.998887238522866,-0.6525701761410907,0.17339542833579027,no
207,-1.7412171620577326,-0.545902078349733,-0.05304788491600568,no
208,-1.7186719243759725,-0.059225549488213125,0.3356606908833218,no
209,-0.933656213833125,-0.39718057940636103,-0.372454300840214,no
210,-1.7080706618238928,-0.44753973293757854,-0.32067956666411873,no
211,-1.4365957232408235,-0.253539919705671,0.29980661832654704,no
212,-1.829292878013556,-1.0611731826235369,0.39333036340948985,no
213,-2.0937052577292037,-0.4936999314504332,0.291884841679597,no
214,-2.131080549137231,-0.03651697321263773,0.25158896949908693,no
215,-2.7946398387552973,-0.3062462579704241,0.46733407623470125,no
216,-1.4928450916757205,0.13210436438473175,0.3021846554181413,no
217,-2.0686481304360678,0.0938272709644139,0.8594157674462444,no
218,-1.5867050792344457,-0.7691986461882602,-0.28957042188098764,no
219,-3.0484168603810544,-0.31078447033646267,0.6885168793392964,no
220,-1.9412827864441513,-0.05872568279349409,0.02080565463744889,no
221,-2.0741784367823364,0.28917362558207704,0.3064193424764921,no
222,-1.4082027746041372,-0.32970240335893036,-0.5737489447846552,no
223,-1.9815576634134666,-0.2780114880558134,-0.06499219666515563,no
224,-2.012240876307947,-0.3997810662399025,0.24880810115317284,no
225,-2.6580327108881585,0.05417958749287389,0.25179276930065464,no
226,-1.8435461878054655,-0.28418137641560476,0.5056037004505229,no
227,-2.1704980355389534,-0.22023125105247945,0.056887947989499615,no
228,-2.483175897863729,-0.3013098486973908,0.9614281123819985,no
229,-1.2685531800160885,0.015646220923964668,-0.0008360424862906338,no
230,-2.470331371430898,0.620893229093443,0.4342149662547867,no
231,-2.1658892126248213,-0.18013366172892228,0.45631972763728335,no
232,-2.4730253624089973,-0.13423503847075735,0.5619289693369858,no
233,-1.5461509139391263,-0.6892803258677175,-0.42001650475253927,no
234,-1.9890629527023176,0.6066709180033296,0.25601333165834494,no
235,-1.9248513064047017,-0.014661673808960374,-0.23854324455775797,no
236,-2.539283549215721,-0.48406972375421,0.47419729065928423,no
237,-1.8639608610442633,-0.34295490899922243,0.32101682123715636,no
238,-2.566652645829136,0.0998848025081007,0.5008073536749768,no
239,-1.3840535404850025,-0.5924845640935832,-0.24193234621039422,no
240,-1.7176789302534694,0.05558355588228603,0.009221520662951397,no
241,-2.2387498594885966,-0.03902071960083261,0.7669453862056985,no
242,-1.8630664423966303,0.09020526457431556,-0.04179445858122063,no
243,-1.6473010481456654,-0.6336851719251969,0.14131328246382124,no
244,-2.1254058556610294,0.10752597423173216,0.2103849202950918,no
245,-1.7079407419551533,-0.042518042425163015,-0.3090276968025488,no
246,-2.355813877200809,0.037629678873800136,0.5275238854518465,no
247,-1.5219383289212713,0.2913176316543583,0.6230227333528657,no
248,-2.1797127432887153,0.14315662265725992,0.48479272981532745,no
249,-1.8353774621991712,-0.24753843869093814,0.2959735592825112,no
250,-1.295745932304129,-0.4698950661210555,0.28468399588568927,no
251,-2.005291307487941,-0.5562175096387826,0.16031061175982467,no
252,-1.227404028613093,-0.27752234566782563,-0.05309708449105956,no
253,-2.5955922447351285,0.18664344823826284,0.2792061592311415,no
254,-1.1073616669293849,-0.347732239686194,-0.8120308829990053,no
255,-2.3944023363320874,0.1711651035641582,0.6140257231489035,no
256,-1.6555150257541467,0.13869285797742156,-0.13380688716410016,no
257,-1.8159270614717777,-0.08925633489345057,0.5086495347694762,no
258,-1.405362660940288,-0.13963709817084582,0.15786376219382786,no
259,-2.123654574867268,-0.011052114525670984,0.4354344872712752,no
260,-1.8896225257077641,-0.17485229270469008,-0.02835853958639826,no
261,-2.523521351619543,-0.15922485769502293,0.2140282469730668,no
262,-2.250277409937214,-0.0490588761379664,0.2578803348179946,no
263,-2.6623640143797718,-0.6054127386233251,-0.0058216397187648376,no
264,-0.8044929489860194,-0.1852462872691718,-0.5405512009303488,no
265,-1.755805647876683,-0.193860270659242,0.6018358409604236,no
266,-2.634177359289792,0.19856730142266962,0.6613015975526106,no
267,-2.557691976272744,-0.6985863092749448,0.6324064294170976,no
268,-1.3154076818969083,-1.014475042646617,0.0048526939775301765,no
269,-1.6965869102117397,0.3594372199717406,-0.04497117295878674,no
270,-1.816801401021123,-0.3342315688021352,-0.46579814748314485,no
271,-2.67776087959094,-0.3602747747587985,0.5690753282934476,no
272,-1.9810594497063259,0.10988090222131562,0.7296754516645945,no
273,-1.719310374567959,-0.7517663447567687,-0.5188178330814496,no
274,-2.2463158659371034,-0.6371383461986124,0.22200574827374253,no
275,-1.6337899003459075,-0.13362080805420126,0.707731743115672,no
276,-2.499405638545216,-0.21710490492091852,0.1114419945214536,no
277,-2.7561229124900786,-0.4901534751381805,0.20864888434369142,no
278,-1.8247743162131236,0.0623732347132938,0.05497740355658463,no
279,-2.5385447992491885,-0.6274669672874611,-0.22858161965983936,no
280,-2.263164480992261,-0.09533947455249694,0.6223470662021142,no
281,-2.585826665230641,-0.23301310283510793,0.5622721029390958,no
282,-2.420419508975979,-0.0355804604151438,0.2144734159285124,no
283,-3.1234979511908936,-0.23378548984123634,0.4674979353427205,no
284,-1.6776124830837447,-0.141196039141379,0.007041931415900331,no
285,-1.656160751090234,-0.44685316332809455,-0.4550150155315675,no
286,-2.0791025936589755,-0.5060487064272698,0.2851484810182599,no
287,-2.2842447257668135,-0.6987532958759533,0.5870184360635011,no
288,-2.4934339825070113,-0.5796530153162228,0.2369539535200598,no
289,-2.5306386012480857,-0.6849230576558678,0.2907641501889722,no
290,-3.106423139929717,-0.41827453766524164,0.6794542760218171,no
291,-1.4711492945889215,0.2143469271268936,-0.480601118728001,no
292,-1.8730393017523357,-0.32123974005516326,-0.16167378705261948,no
293,-2.4142789016999173,-0.06650201493850205,0.7041553860620987,no
294,-2.277031987836249,-0.6660360244240474,-0.11782378762164623,no
295,-2.5614294978209213,-0.5323970039978427,-0.04183410810401224,no
296,-1.8559225467622906,-0.40923858721672457,-0.03049101355982074,no
297,-2.145614833685768,-0.14222394857115958,0.6469754449505762,no
298,-1.303034373176061,0.19976420056438224,-0.12329388812232776,no
299,-1.7586929758097731,-0.32264452257255544,-0.28473363120287304,no
300,-2.107808458365431,0.17752679264407986,-0.2100634283172917,no
301,-2.8175067843214006,0.20556796670124222,0.6320747582432067,no
302,-2.514400898927143,-0.469206951761487,0.48960510999836054,no
303,-1.2602016158875466,0.28626376450630237,-0.09726317858310407,no
304,-1.9946968122690407,0.1431924620376205,0.06158472457313011,no
305,-3.1236306496219215,-0.8389741261972974,0.729697565711249,no
306,-2.4131505692172714,0.5490643545308909,0.5925987139840005,no
307,-1.6880518104576383,0.14551410998198128,0.02386501698401485,no
308,-2.229867870097406,0.35906639138324614,0.7931195662917415,no
309,-1.8936497383736477,0.17599704353611953,0.3109870741657639,no
310,-2.913370323264781,0.16507642129096295,0.3840035859480977,no
311,-1.8311039053416442,-0.1322693614421685,0.4617881603183428,no
312,-1.7332135938743647,0.08951840577929264,0.5197847739811604,no
313,-2.477397061220673,-0.3056916920931708,0.5024903335894833,no
314,-2.225056361173775,0.0413602242079294,0.03717231006144587,no
315,-2.299426072480422,-0.3365768763533662,0.783722403880116,no
316,-3.0605569585692365,-0.2757604907056527,0.7093365936688193,no
317,-1.660852813591348,-0.05663594007024878,0.8874278750097878,no
318,-1.7339599667650958,0.36491747194054946,0.09247988229276606,no
319,-2.4007470029327513,0.3175800218228522,0.6677749182091781,no
320,-2.650267685320894,-0.3824306832487257,0.4776899602729713,no
321,-2.759343041604158,-0.6666102076361354,-0.009340366053289414,no
322,-2.4410231916636116,0.3204804964557941,0.16283799582522696,no
323,-2.729565628932977,-0.20031974503838623,0.8198765248424676,no
324,-2.2471296486397883,-0.1976037295722026,0.1019184054363871,no
325,-2.817915908067477,-0.43974470163339074,0.4694264480036816,no
326,-1.8438653477562257,0.07894735521047848,0.8043558797618916,no
327,-2.3239501827056386,-0.2526654135065843,0.3442204711679923,no
328,-1.0267905343995343,0.04242978226123533,0.0012992671374669456,no
329,-1.9205121114227484,0.11931779813964334,1.0000974946221228,no
330,-3.2448944873571004,-0.2464291646017239,0.37857865436485505,no
331,-2.3667111615262573,-0.5800203195402884,-0.04150815062544364,no
332,-2.5519497681669043,-0.7883651148113987,0.12220557109626722,no
333,-2.7850906317696014,0.3890125133008697,0.583705203902952,no
